N=5: closed subgroup classes = 11 (productive rounds: 2, 0.0s)
  orders: 1(x1) 2(x2) 4(x2) 6(x1) 8(x1) 10(x1) 12(x1) 24(x1) 120(x1)
--- order 1 (x1) ---
0 1 2 3 4 5 6 7 8 9 
--- order 2 (x2) ---
0 0 1 2 3 3 4 5 5 6 
0 0 1 2 3 4 2 4 3 5 
--- order 4 (x2) ---
0 0 1 0 2 3 0 3 2 1 
0 0 1 2 0 0 3 4 4 3 
--- order 6 (x1) ---
0 0 0 1 1 1 2 2 2 3 
--- order 8 (x1) ---
0 0 1 0 1 2 0 2 1 1 
--- order 10 (x1) ---
0 0 1 1 0 1 1 1 0 0 
--- order 12 (x1) ---
0 0 0 1 1 1 1 1 1 2 
--- order 24 (x1) ---
0 0 0 0 0 0 1 1 1 1 
--- order 120 (x1) ---
0 0 0 0 0 0 0 0 0 0 
