N=6: closed subgroup classes = 27 (productive rounds: 3, 0.0s)
  orders: 1(x1) 2(x3) 3(x1) 4(x4) 6(x3) 8(x4) 10(x1) 12(x2) 16(x1) 24(x1) 36(x1) 48(x2) 72(x1) 120(x1) 720(x1)
--- order 1 (x1) ---
0 1 2 3 4 5 6 7 8 9 10 11 12 13 14 
--- order 2 (x3) ---
0 0 1 2 3 3 4 5 5 6 7 8 8 9 10 
0 1 2 2 1 3 4 5 6 7 5 4 7 6 8 
0 0 1 2 3 3 4 5 6 7 4 6 5 7 8 
--- order 3 (x1) ---
0 0 0 1 2 3 2 3 1 4 3 1 2 4 4 
--- order 4 (x4) ---
0 0 1 0 2 3 0 3 2 1 4 5 5 5 5 
0 0 1 2 0 0 3 4 4 5 5 4 4 3 6 
0 0 1 2 0 0 3 4 4 3 5 6 6 5 7 
0 0 1 2 3 3 3 4 5 0 3 5 4 0 1 
--- order 6 (x3) ---
0 0 0 1 1 2 1 2 1 3 2 1 1 3 3 
0 0 0 1 1 1 2 2 2 3 4 4 4 5 6 
0 0 0 1 2 3 2 3 1 0 3 1 2 0 0 
--- order 8 (x4) ---
0 0 1 0 2 3 0 3 2 1 4 0 0 0 0 
0 0 1 2 0 0 3 4 4 3 3 4 4 3 5 
0 0 1 1 0 0 2 3 3 2 3 2 2 3 4 
0 0 1 0 1 2 0 2 1 1 3 4 4 4 4 
--- order 10 (x1) ---
0 0 1 0 1 2 0 2 1 2 0 2 2 1 1 
--- order 12 (x2) ---
0 0 0 1 1 1 1 1 1 2 3 3 3 4 4 
0 0 0 1 1 2 1 2 1 0 2 1 1 0 0 
--- order 16 (x1) ---
0 0 1 0 1 2 0 2 1 1 3 0 0 0 0 
--- order 24 (x1) ---
0 0 0 0 0 0 1 1 1 1 2 2 2 2 3 
--- order 36 (x1) ---
0 0 0 1 1 1 1 1 1 2 1 1 1 2 2 
--- order 48 (x2) ---
0 0 0 0 0 0 1 1 1 1 1 1 1 1 2 
0 0 0 0 0 1 0 1 0 0 1 0 0 0 0 
--- order 72 (x1) ---
0 0 0 1 1 1 1 1 1 0 1 1 1 0 0 
--- order 120 (x1) ---
0 0 0 0 0 0 0 0 0 0 1 1 1 1 1 
--- order 720 (x1) ---
0 0 0 0 0 0 0 0 0 0 0 0 0 0 0 
