N=7: closed subgroup classes = 36 (productive rounds: 3, 0.0s)
  orders: 1(x1) 2(x3) 3(x1) 4(x4) 6(x3) 8(x4) 10(x1) 12(x3) 14(x1) 16(x1) 20(x1) 24(x3) 36(x1) 48(x3) 72(x1) 120(x1) 144(x1) 240(x1) 720(x1) 5040(x1)
--- order 1 (x1) ---
0 1 2 3 4 5 6 7 8 9 10 11 12 13 14 15 16 17 18 19 20 
--- order 2 (x3) ---
0 0 1 2 3 4 2 4 3 5 6 7 8 9 10 6 8 7 10 9 11 
0 0 1 2 3 3 4 5 5 6 7 8 9 10 11 7 9 8 10 11 12 
0 0 1 2 3 3 4 5 5 6 7 8 8 9 10 11 12 12 13 14 15 
--- order 3 (x1) ---
0 0 0 1 1 1 2 3 4 5 3 4 2 5 6 4 2 3 5 6 6 
--- order 4 (x4) ---
0 0 1 2 0 0 3 4 4 3 5 6 6 7 8 7 6 6 5 8 9 
0 0 1 0 2 3 0 3 2 1 4 5 5 6 6 4 6 6 5 5 7 
0 0 1 0 2 3 0 3 2 1 4 5 5 5 5 6 7 7 7 7 8 
0 0 1 2 0 0 3 4 4 3 5 6 6 5 7 8 9 9 8 10 11 
--- order 6 (x3) ---
0 0 0 1 1 1 2 2 2 3 4 4 4 5 6 7 7 7 8 9 10 
0 0 0 1 1 1 2 2 3 4 2 3 2 4 5 3 2 2 4 5 5 
0 0 0 1 1 1 2 3 4 1 3 4 2 1 0 4 2 3 1 0 0 
--- order 8 (x4) ---
0 0 1 0 2 3 0 3 2 1 4 0 0 0 0 5 6 6 6 6 5 
0 0 1 2 0 0 3 4 4 3 3 4 4 3 5 6 7 7 6 8 8 
0 0 1 0 1 2 0 2 1 1 3 4 4 4 4 5 6 6 6 6 7 
0 0 1 0 1 2 0 2 1 1 3 4 5 5 4 3 5 4 4 5 6 
--- order 10 (x1) ---
0 0 1 0 1 2 0 2 1 2 0 2 2 1 1 3 4 4 4 4 4 
--- order 12 (x3) ---
0 0 0 1 1 1 1 1 1 2 3 3 3 4 5 3 3 3 5 4 6 
0 0 0 1 1 1 1 1 1 2 3 3 3 4 4 5 5 5 6 6 7 
0 0 0 1 1 1 2 2 3 1 2 3 2 1 0 3 2 2 1 0 0 
--- order 14 (x1) ---
0 0 1 1 0 2 1 2 0 2 2 1 2 0 1 2 2 1 1 0 0 
--- order 16 (x1) ---
0 0 1 0 1 2 0 2 1 1 3 0 0 0 0 4 5 5 5 5 4 
--- order 20 (x1) ---
0 0 1 0 1 2 0 2 1 2 0 2 2 1 1 3 0 0 0 0 0 
--- order 24 (x3) ---
0 0 0 1 1 1 1 1 1 2 1 1 1 3 4 1 1 1 4 3 2 
0 0 0 1 1 1 1 1 1 2 3 3 3 4 4 3 3 3 4 4 5 
0 0 0 0 0 0 1 1 1 1 2 2 2 2 3 4 4 4 4 5 6 
--- order 36 (x1) ---
0 0 0 1 1 1 1 1 1 2 1 1 1 2 2 3 3 3 4 4 4 
--- order 48 (x3) ---
0 0 0 1 1 1 1 1 1 2 1 1 1 2 3 1 1 1 3 2 2 
0 0 0 0 0 0 1 1 1 1 1 1 1 1 2 3 3 3 3 4 4 
0 0 0 0 0 1 0 1 0 0 1 0 0 0 0 2 2 2 2 2 2 
--- order 72 (x1) ---
0 0 0 1 1 1 1 1 1 0 1 1 1 0 0 2 2 2 2 2 2 
--- order 120 (x1) ---
0 0 0 0 0 0 0 0 0 0 1 1 1 1 1 2 2 2 2 2 3 
--- order 144 (x1) ---
0 0 0 0 0 0 1 1 1 1 1 1 1 1 2 1 1 1 1 2 2 
--- order 240 (x1) ---
0 0 0 0 0 0 0 0 0 0 1 1 1 1 1 1 1 1 1 1 2 
--- order 720 (x1) ---
0 0 0 0 0 0 0 0 0 0 0 0 0 0 0 1 1 1 1 1 1 
--- order 5040 (x1) ---
0 0 0 0 0 0 0 0 0 0 0 0 0 0 0 0 0 0 0 0 0 
