--- order 1 (C1,x1) ---
* 0 1 2 3 4 5 6 7 8 9 10 11 12 13 14 15 16 17 18 19 20 21 22 23 24 25 26 27

--- order 2 (C2,x4) ---
* 0 1 2 3 4 5 6 7 8 9 7 10 11 12 0 8 11 13 14 1 2 9 12 14 15 3 4 5
* 0 1 2 2 1 3 4 5 6 7 5 4 7 6 8 9 9 10 10 11 11 12 12 13 13 14 14 15
* 0 1 2 1 2 3 4 5 6 7 4 5 7 6 8 9 10 11 11 12 12 13 14 15 15 16 16 17
* 0 1 2 1 2 3 4 5 6 6 7 8 9 9 10 11 12 13 13 14 15 16 17 18 18 19 20 21

--- order 3 (C3,x1) ---
* 0 1 2 1 2 3 1 2 3 3 4 5 6 7 8 4 5 8 6 7 9 4 5 7 8 6 9 9

--- order 4 (C2^2x9,C4) ---
* 0 1 1 1 1 2 3 4 5 6 3 4 6 5 7 4 3 5 6 8 9 4 3 6 5 9 8 7
* 0 1 2 2 1 0 3 4 5 6 4 3 6 5 7 5 6 3 4 8 9 6 5 4 3 9 8 7
* 0 1 2 2 1 3 4 5 6 7 4 5 6 7 8 5 4 7 6 9 10 5 4 7 6 10 9 8
* 0 1 2 1 2 3 4 5 6 7 4 5 6 7 8 4 5 7 6 9 10 4 5 7 6 10 9 8
* 0 1 2 2 1 3 4 4 5 5 4 4 5 5 6 7 7 8 8 9 10 7 7 8 8 10 9 11
* 0 1 2 3 4 5 6 7 8 9 6 7 8 9 10 6 7 8 9 11 12 6 7 8 9 12 11 10
* 0 1 2 2 1 3 4 5 6 7 5 4 7 6 8 9 9 10 10 11 11 9 9 10 10 11 11 12
* 0 1 2 1 2 3 4 5 6 7 4 5 7 6 8 9 10 11 11 12 12 9 10 11 11 12 12 13
* 0 1 2 3 4 5 6 7 8 9 6 7 8 9 10 11 12 13 14 15 15 11 12 13 14 15 15 16
* 0 1 0 0 1 0 2 3 4 5 5 2 3 4 6 4 5 2 3 7 6 3 4 5 2 6 7 6

--- order 6 (D3x4,C6) ---
0 1 2 1 2 3 1 2 3 3 1 2 4 5 6 1 2 6 4 5 3 1 2 5 6 4 3 3
0 1 2 1 2 3 1 2 3 3 2 1 4 5 6 2 1 6 4 5 3 2 1 5 6 4 3 3
0 1 2 1 2 3 1 2 3 3 4 5 6 7 6 4 5 6 6 7 8 4 5 7 6 6 8 8
0 1 2 3 4 5 6 7 8 9 10 11 12 13 14 10 11 12 13 14 15 10 11 12 13 14 15 15
0 1 1 1 1 2 1 1 2 2 3 3 4 5 6 3 3 6 4 5 7 3 3 5 6 4 7 7

--- order 8 (x13) ---
0 1 2 1 2 3 4 5 6 7 4 5 7 6 8 4 5 6 7 9 8 4 5 7 6 8 9 8
0 1 2 2 1 3 4 5 6 7 5 4 7 6 8 4 5 6 7 9 8 5 4 7 6 8 9 8
0 1 2 1 2 3 2 4 0 5 3 5 1 1 2 5 6 2 2 4 0 2 4 5 0 6 2 4
0 1 2 1 2 3 4 4 2 1 4 4 1 2 0 2 1 5 3 1 2 2 1 3 5 2 1 3
0 1 2 1 2 3 4 5 6 6 1 2 7 8 6 1 2 8 7 6 3 4 5 6 6 9 6 6
0 1 2 3 4 3 3 4 3 5 2 6 0 4 4 3 4 3 7 8 4 3 4 3 8 7 4 5
0 1 2 2 1 0 3 4 5 6 4 3 6 5 0 5 6 3 4 1 2 6 5 4 3 2 1 0
0 1 2 2 1 3 4 1 0 5 1 4 5 0 3 5 3 1 4 2 1 3 5 4 1 1 2 0
0 1 2 2 1 3 1 2 4 5 2 1 5 4 3 6 6 7 7 7 7 6 6 7 7 7 7 8
0 1 2 3 4 3 4 3 4 5 2 1 0 4 3 4 3 4 6 7 3 3 4 3 7 6 4 5
0 1 1 1 1 2 3 3 4 5 3 3 5 4 6 7 7 8 8 9 9 7 7 8 8 9 9 10
0 0 1 2 3 3 4 5 5 6 7 8 8 9 10 4 5 5 6 11 10 7 8 8 9 10 12 10
0 1 2 3 4 5 6 7 8 9 6 7 8 9 10 6 7 8 9 11 10 6 7 8 9 10 11 10

--- order 10 (x1) ---
0 1 2 3 4 5 3 4 5 6 3 4 5 7 6 3 4 5 7 7 6 3 4 5 6 7 7 6

--- order 12 (x6) ---
0 0 1 2 3 4 2 4 3 5 6 7 7 8 8 6 7 7 8 8 9 6 7 7 8 8 9 9 
0 1 1 1 1 2 1 1 2 2 3 3 4 5 5 3 3 5 4 5 6 3 3 5 5 4 6 6 
0 1 2 2 1 3 3 1 0 1 1 3 1 0 2 4 4 4 4 4 4 4 4 4 4 4 4 5 
0 1 2 2 1 3 1 2 4 3 2 1 5 4 3 1 2 4 5 4 3 2 1 3 4 5 4 3 
0 1 2 1 2 3 1 2 4 3 1 2 5 4 3 1 2 4 5 4 3 1 2 3 4 5 4 3 
0 1 2 3 4 5 3 4 5 6 3 4 5 6 6 7 8 9 10 10 10 7 8 9 10 10 10 11

--- order 14 (x1) ---
0 0 1 0 2 1 0 3 2 1 0 3 3 2 1 0 2 3 3 2 1 0 1 2 3 3 2 1

--- order 16 (x9) ---
0 1 0 2 1 0 3 2 1 0 2 3 2 1 0 1 2 3 2 1 0 0 1 2 3 2 1 0
0 1 1 1 1 2 3 3 4 4 1 1 5 6 4 1 1 6 5 4 2 3 3 4 4 7 4 4
0 1 1 1 1 2 3 0 1 1 0 3 1 1 0 4 4 5 6 4 4 4 4 6 5 4 4 7
0 1 1 2 2 3 2 2 3 4 1 1 5 3 3 6 6 7 8 8 7 6 6 7 8 8 7 9
0 1 2 1 2 3 4 0 1 1 2 1 5 6 2 2 1 6 5 2 3 0 4 2 2 0 1 1
0 1 2 2 1 0 3 4 1 2 4 3 2 1 0 1 2 3 4 1 2 2 1 4 3 2 1 0
0 1 2 2 1 3 1 2 4 3 2 1 3 4 3 5 5 6 6 6 6 5 5 6 6 6 6 7
0 1 2 3 3 3 3 3 3 4 2 1 0 3 3 3 3 3 5 6 3 3 3 3 6 5 3 4
0 1 2 1 2 3 1 2 4 3 1 2 3 4 3 5 6 7 7 7 7 5 6 7 7 7 7 8

--- order 20 (x1) ---
0 0 1 0 2 1 0 2 2 1 0 1 2 2 1 3 4 4 4 4 4 3 4 4 4 4 4 5

--- order 24 (x5) ---
0 1 0 2 1 0 1 2 1 0 0 1 2 1 0 3 3 3 3 3 3 3 3 3 3 3 3 4
0 0 1 2 3 3 2 3 3 4 0 1 1 3 3 2 3 3 5 6 3 2 3 3 6 5 3 4
0 1 2 1 2 1 1 2 1 1 2 3 0 2 2 2 3 2 0 2 3 2 3 2 2 0 3 3
0 1 2 1 2 3 0 4 2 2 0 4 2 2 4 5 6 7 7 6 6 5 6 7 7 6 6 8
0 1 2 3 4 5 3 4 5 6 3 4 5 6 6 7 8 9 10 10 10 3 4 5 6 6 6 10

--- order 32 (x4) ---
0 1 2 2 1 0 3 3 3 3 3 3 3 3 1 3 3 3 3 2 0 3 3 3 3 0 2 1
0 1 0 2 2 2 2 2 2 3 0 1 0 2 2 2 2 2 4 5 2 2 2 2 5 4 2 3
0 1 2 1 2 3 4 0 1 1 2 1 5 5 2 2 1 5 5 2 3 0 4 2 2 0 1 1
0 1 1 1 1 2 3 3 4 4 3 3 4 4 5 3 3 4 4 6 5 3 3 4 4 5 6 5

--- order 36 (x1) ---
0 1 2 1 2 3 1 2 3 3 4 5 6 6 6 4 5 6 6 6 7 4 5 6 6 6 7 7

--- order 48 (x5) ---
0 1 2 2 1 0 1 2 1 2 2 1 2 1 0 1 2 1 2 1 2 2 1 2 1 2 1 0
0 0 1 0 1 1 2 3 3 3 2 3 3 3 4 2 3 3 3 5 4 2 3 3 3 4 5 4
0 1 2 2 3 0 4 5 4 5 4 5 4 5 6 4 5 4 5 6 6 4 5 4 5 6 6 6
0 1 2 1 2 3 1 2 4 4 1 2 4 4 3 1 2 4 4 4 4 1 2 4 4 4 4 3
0 1 2 1 2 3 4 5 6 6 4 5 6 6 7 4 5 6 6 7 7 4 5 6 6 7 7 7

--- order 60 (x1) ---
0 1 1 0 1 0 2 2 2 2 2 2 2 2 3 2 2 2 2 3 3 1 0 0 1 2 2 2

--- order 64 (x2) ---
0 1 0 0 1 0 2 3 2 3 3 2 3 2 0 2 3 2 3 1 0 3 2 3 2 0 1 0
0 1 0 0 1 0 2 2 2 2 2 2 2 2 3 2 2 2 2 4 3 2 2 2 2 3 4 3

--- order 72 (x3) ---
0 1 1 1 1 2 1 1 2 2 3 3 4 4 4 3 3 4 4 4 5 3 3 4 4 4 5 5
0 1 2 1 2 3 1 2 4 4 1 2 4 4 3 1 2 3 3 4 4 1 2 4 4 3 3 4
0 1 2 1 2 3 2 1 4 4 2 1 4 4 3 1 2 3 3 4 4 2 1 4 4 3 3 4

--- order 96 (x3) ---
0 1 1 1 1 2 1 1 2 2 1 1 3 2 2 1 1 2 3 2 2 1 1 2 2 3 2 2
0 1 2 2 1 0 3 3 3 3 3 3 3 3 4 3 3 3 3 4 4 3 3 3 3 4 4 4
0 1 1 1 1 2 3 3 4 4 3 3 4 4 5 3 3 4 4 5 5 3 3 4 4 5 5 5

--- order 120 (x1) ---
0 1 2 3 4 5 3 4 5 6 3 4 5 6 6 3 4 5 6 6 6 3 4 5 6 6 6 6

--- order 128 (x1) ---
0 1 1 1 1 0 2 0 1 1 1 1 2 0 1 0 2 1 1 0 1 1 1 0 2 1 0 1

--- order 144 (x2) ---
0 1 1 1 1 2 3 3 1 1 3 3 1 1 0 0 0 1 1 3 3 3 3 1 1 0 0 3
0 0 1 0 1 1 2 3 3 3 2 3 3 3 4 2 3 3 3 4 4 2 3 3 3 4 4 4

--- order 192 (x1) ---
0 1 0 0 1 0 2 2 2 2 2 2 2 2 3 2 2 2 2 3 3 2 2 2 2 3 3 3

--- order 240 (x1) ---
0 0 1 0 1 1 0 1 1 1 0 1 1 1 1 2 3 3 3 3 3 2 3 3 3 3 3 4

--- order 384 (x1) ---
0 0 0 0 0 1 0 0 0 0 0 0 0 0 1 1 0 0 0 0 0 0 1 0 0 0 0 0

--- order 576 (x1) ---
0 0 1 0 1 1 0 1 1 1 2 0 0 0 0 2 0 0 0 0 2 2 0 0 0 0 2 2

--- order 720 (x2) ---
0 1 1 1 1 2 1 1 2 2 0 0 1 1 1 1 1 2 2 2 1 1 1 2 2 2 1 2
0 1 2 1 2 3 1 2 3 3 1 2 3 3 3 1 2 3 3 3 3 1 2 3 3 3 3 3

--- order 1152 (x1) ---
0 0 0 1 1 1 1 1 1 0 1 1 1 0 0 0 0 0 1 1 1 1 1 1 0 0 0 1

--- order 1440 (x1) ---
0 1 1 1 1 2 1 1 2 2 1 1 2 2 2 1 1 2 2 2 2 1 1 2 2 2 2 2

--- order 5040 (x1) ---
0 0 1 0 1 1 0 1 1 1 0 1 1 1 1 0 1 1 1 1 1 0 1 1 1 1 1 1

--- order 40320 (x1) ---
0 0 0 0 0 0 0 0 0 0 0 0 0 0 0 0 0 0 0 0 0 0 0 0 0 0 0 0
