N=9: closed subgroup classes = 131 (productive rounds: 4, 5.1s)
  orders: 1(x1) 2(x4) 3(x2) 4(x10) 6(x8) 8(x13) 10(x1) 12(x8) 14(x1) 16(x9) 18(x3) 20(x2) 24(x8) 28(x1) 32(x4) 36(x4) 40(x2) 48(x9) 60(x1) 64(x2) 72(x5) 80(x1) 96(x4) 120(x1) 128(x1) 144(x2) 192(x1) 216(x1) 240(x3) 288(x2) 384(x1) 432(x1) 480(x2) 576(x1) 720(x2) 960(x1) 1152(x1) 1296(x1) 1440(x1) 2880(x1) 4320(x1) 5040(x1) 10080(x1) 40320(x1) 362880(x1)
--- order 1 (x1) ---
0 1 2 3 4 5 6 7 8 9 10 11 12 13 14 15 16 17 18 19 20 21 22 23 24 25 26 27 28 29 30 31 32 33 34 35 
--- order 2 (x4) ---
0 0 1 2 3 3 4 5 5 6 7 8 8 9 10 11 12 12 13 14 15 16 17 17 18 19 20 21 22 23 23 24 25 26 27 28 
0 0 1 2 3 3 4 5 5 6 7 8 8 9 10 11 12 12 13 14 15 16 17 18 19 20 21 22 16 18 17 19 20 21 22 23 
0 0 1 2 3 3 4 5 5 6 7 8 9 10 11 7 9 8 10 11 12 13 14 15 16 17 18 19 13 15 14 16 17 19 18 20 
0 0 1 2 3 4 2 4 3 5 6 7 8 9 10 6 8 7 10 9 11 12 13 14 15 16 17 18 12 14 13 16 15 18 17 19 
--- order 3 (x2) ---
0 0 0 1 1 1 2 2 2 3 4 4 4 5 6 7 8 9 10 11 12 8 9 7 10 11 12 13 9 7 8 10 11 12 13 13 
0 0 0 1 2 3 2 3 1 4 3 1 2 4 4 5 6 7 8 9 10 6 7 5 10 8 9 11 7 5 6 9 10 8 11 11 
--- order 4 (x10) ---
0 0 1 0 2 3 0 3 2 1 4 5 5 6 6 4 6 6 5 5 7 8 9 9 10 10 11 12 8 10 10 9 9 12 11 13 
0 0 1 2 0 0 3 4 4 3 5 6 6 7 8 7 6 6 5 8 9 10 11 12 10 13 14 14 10 12 11 10 13 14 14 15 
0 0 1 0 2 3 0 3 2 1 4 5 5 6 6 4 6 6 5 5 7 8 9 10 9 10 11 11 8 10 9 10 9 11 11 12 
0 0 1 2 0 0 3 4 4 3 5 6 6 5 7 8 9 9 8 10 11 12 13 13 12 14 15 16 17 18 18 17 19 20 21 22 
0 0 1 2 0 0 3 4 4 3 5 6 6 7 8 7 6 6 5 8 9 10 11 11 12 13 14 15 12 11 11 10 13 15 14 16 
0 0 1 0 1 2 0 2 1 1 3 4 5 6 7 3 5 7 4 6 8 3 6 4 7 5 8 9 3 7 6 5 4 9 8 8 
0 0 1 0 2 3 0 3 2 1 4 5 5 5 5 6 7 7 7 7 8 9 10 10 11 11 12 13 9 11 11 10 10 12 13 14 
0 0 1 2 0 0 3 4 4 3 5 6 6 5 7 8 9 9 8 10 11 12 13 13 14 15 16 17 14 13 13 12 15 16 17 18 
0 0 1 0 2 3 0 3 2 1 4 5 6 7 8 4 6 5 8 7 9 4 7 8 5 6 10 11 4 8 7 6 5 11 10 9 
0 0 1 0 2 3 0 3 2 1 4 5 5 5 5 6 7 7 7 7 8 9 10 10 10 10 11 12 13 14 14 14 14 15 16 17 
--- order 6 (x8) ---
0 0 0 1 1 1 1 1 1 2 3 3 3 4 4 5 6 7 8 8 9 6 7 5 8 8 9 10 7 5 6 8 8 9 10 10 
0 0 0 1 1 2 1 2 1 0 2 1 1 0 0 3 4 5 5 4 3 4 5 3 3 5 4 6 5 3 4 4 3 5 6 6 
0 0 0 1 1 1 2 2 2 3 4 4 4 5 6 7 7 7 8 9 10 11 11 11 12 13 14 15 16 16 16 17 18 19 20 21 
0 0 0 1 1 1 2 2 2 3 4 4 4 3 5 6 7 8 1 4 2 7 8 6 1 4 2 0 8 6 7 1 4 2 0 0 
0 0 0 1 2 3 1 3 2 4 2 1 3 5 6 2 3 1 6 5 7 3 1 2 6 7 4 6 3 2 1 7 6 6 4 5 
0 0 0 1 1 2 1 2 1 3 2 1 1 3 3 4 4 5 6 7 7 4 5 4 7 6 7 8 5 4 4 7 7 6 8 8 
0 0 0 1 1 1 2 2 2 3 4 4 4 5 6 7 7 8 9 10 11 7 8 7 9 10 11 12 8 7 7 9 10 11 12 12 
0 0 0 1 1 1 2 2 2 3 4 4 4 5 6 7 8 9 1 2 4 8 9 7 1 2 4 0 9 7 8 1 2 4 0 0 
--- order 8 (x13) ---
0 0 1 0 1 2 0 2 1 1 3 4 5 5 4 3 5 4 4 5 6 7 8 9 9 8 10 11 7 9 8 8 9 11 10 12 
0 0 1 2 0 0 3 4 4 3 3 4 4 3 5 6 7 7 6 8 8 9 10 10 9 11 11 12 13 14 14 13 15 15 16 17 
0 0 1 0 2 3 0 3 2 1 0 4 5 6 7 0 5 4 7 6 1 0 6 7 4 5 2 3 0 7 6 5 4 3 2 1 
0 0 1 0 1 2 0 2 1 1 3 4 4 4 4 5 6 6 6 6 7 8 9 10 10 9 11 12 8 10 9 9 10 11 12 13 
0 0 1 0 1 2 0 2 1 1 3 4 4 4 4 5 6 6 6 6 7 8 9 9 9 9 10 11 12 13 13 13 13 14 15 16 
0 0 1 2 0 0 3 4 4 3 3 4 4 3 5 6 7 7 6 8 8 9 10 10 9 11 12 13 9 10 10 9 12 11 13 14 
0 0 1 0 1 2 0 2 1 1 3 4 5 5 6 3 5 4 6 5 7 3 5 6 4 5 7 8 3 6 5 5 4 8 7 7 
0 0 1 0 1 2 0 2 1 1 0 3 4 5 6 0 4 6 3 5 1 0 5 3 6 4 1 2 0 6 5 4 3 2 1 1 
0 0 1 0 1 2 0 2 1 1 3 4 4 5 5 3 4 5 4 5 6 3 5 4 5 4 6 7 3 5 5 4 4 7 6 6 
0 0 1 0 2 3 0 3 2 1 4 5 5 6 6 4 5 5 6 6 7 4 6 6 5 5 8 9 4 6 6 5 5 9 8 7 
0 0 1 0 2 3 0 3 2 1 4 0 0 0 0 5 6 6 6 6 5 7 8 8 9 9 7 10 7 9 9 8 8 7 10 11 
0 0 1 0 2 3 0 3 2 1 4 0 0 0 0 5 6 6 6 6 5 7 8 8 8 8 9 10 9 8 8 8 8 7 10 11 
0 0 1 0 2 3 0 3 2 1 4 0 0 0 0 5 6 6 6 6 5 7 8 8 8 8 7 9 10 11 11 11 11 10 12 13 
--- order 10 (x1) ---
0 0 1 0 1 2 0 2 1 2 0 2 2 1 1 3 4 4 4 4 4 5 6 6 6 6 6 7 8 9 9 9 9 9 10 11 
--- order 12 (x8) ---
0 0 0 1 1 1 1 1 1 2 3 3 3 4 4 5 6 7 1 1 3 6 7 5 1 1 3 0 7 5 6 1 1 3 0 0 
0 0 0 1 1 1 1 1 1 2 3 3 3 4 4 5 5 6 7 7 8 5 6 5 7 7 8 9 6 5 5 7 7 8 9 9 
0 0 0 1 1 1 2 2 2 3 4 4 4 3 5 6 6 7 1 4 2 6 7 6 1 4 2 0 7 6 6 1 4 2 0 0 
0 0 0 1 1 1 2 2 2 3 4 4 4 5 6 7 7 8 1 2 4 7 8 7 1 2 4 0 8 7 7 1 2 4 0 0 
0 0 0 1 1 1 1 1 1 2 3 3 3 4 5 3 3 3 5 4 6 7 7 7 8 9 10 11 7 7 7 9 8 11 10 12 
0 0 0 1 1 1 1 1 1 2 3 3 3 4 4 5 5 5 6 6 7 8 8 8 9 9 10 11 12 12 12 13 13 14 15 16 
0 0 0 1 1 1 1 1 1 2 3 3 3 4 4 5 5 5 6 6 7 8 8 8 9 10 11 12 8 8 8 10 9 11 12 13 
0 0 0 1 1 2 1 1 2 3 1 2 1 4 5 1 2 1 5 4 3 2 1 1 4 5 4 5 2 1 1 5 4 5 4 3 
--- order 14 (x1) ---
0 0 1 0 1 2 0 2 1 3 0 2 3 1 3 0 3 2 3 1 2 0 3 3 2 2 1 1 4 5 5 5 5 5 5 5 
--- order 16 (x9) ---
0 0 1 2 0 0 3 4 4 3 3 4 4 3 5 6 7 7 6 8 8 6 7 7 6 8 8 9 10 11 11 10 12 12 13 13 
0 0 1 0 1 2 0 2 1 1 3 0 0 0 0 4 5 5 5 5 4 6 7 8 8 7 6 9 6 8 7 7 8 6 9 10 
0 0 1 0 1 2 0 2 1 1 3 0 0 0 0 4 5 5 5 5 4 6 7 7 7 7 8 9 8 7 7 7 7 6 9 10 
0 0 1 0 1 2 0 2 1 1 3 4 5 5 4 3 4 5 5 4 6 3 5 4 4 5 7 8 3 5 4 4 5 8 7 6 
0 0 1 0 1 2 0 2 1 1 0 3 3 4 4 0 3 4 3 4 1 0 4 3 4 3 1 2 0 4 4 3 3 2 1 1 
0 0 1 0 1 2 0 2 1 1 3 0 0 0 0 4 5 5 5 5 4 6 7 7 7 7 6 8 9 10 10 10 10 9 11 12 
0 0 1 0 1 2 0 2 1 1 0 3 4 4 5 0 4 3 5 4 1 0 4 5 3 4 1 2 0 5 4 4 3 2 1 1 
0 0 1 0 2 3 0 3 2 1 4 0 0 0 0 5 6 6 6 6 5 5 6 6 6 6 5 7 8 9 9 9 9 8 10 10 
0 0 1 0 2 3 0 3 2 1 4 0 0 0 0 5 0 0 0 0 6 6 0 0 0 0 5 4 7 8 8 8 8 7 7 7 
--- order 18 (x3) ---
0 0 0 1 2 3 1 3 2 1 2 1 3 3 0 2 3 1 0 3 2 3 1 2 0 2 1 0 3 2 1 2 0 0 1 3 
0 0 0 1 2 3 1 3 2 2 2 1 3 1 0 2 3 1 0 1 3 3 1 2 0 3 2 0 3 2 1 3 0 0 2 1 
0 0 0 1 1 1 1 1 1 2 1 1 1 2 2 3 3 3 4 5 6 3 3 3 5 6 4 7 3 3 3 6 4 5 7 7 
--- order 20 (x2) ---
0 0 1 0 1 2 0 2 1 2 0 2 2 1 1 3 0 0 0 0 0 4 5 5 5 5 5 6 6 5 5 5 5 5 4 7 
0 0 1 0 1 2 0 2 1 2 0 2 2 1 1 3 0 0 0 0 0 4 5 5 5 5 5 4 6 7 7 7 7 7 6 8 
--- order 24 (x8) ---
0 0 0 0 0 0 1 1 1 1 2 2 2 3 4 2 2 3 2 4 5 2 3 2 2 4 5 5 3 2 2 2 4 5 5 5 
0 0 0 1 1 1 1 1 1 2 1 1 1 3 4 1 1 1 4 3 2 5 5 5 6 6 7 7 5 5 5 7 7 6 6 8 
0 0 0 1 1 1 1 1 1 2 3 3 3 4 4 3 3 3 4 4 5 6 6 6 7 7 8 8 9 9 9 10 10 11 11 12 
0 0 0 1 1 1 1 1 1 2 3 3 3 4 4 5 5 6 1 1 3 5 6 5 1 1 3 0 6 5 5 1 1 3 0 0 
0 0 0 1 1 1 1 1 1 2 1 1 1 3 4 1 1 1 4 3 2 5 5 5 6 6 6 6 7 7 7 8 8 8 8 9 
0 0 0 0 0 0 1 1 1 1 2 2 2 2 3 4 4 4 4 5 6 7 7 7 7 8 9 10 11 11 11 11 12 13 14 15 
0 0 0 1 1 1 1 1 1 2 3 3 3 4 4 3 3 3 4 4 5 6 6 6 7 7 8 9 6 6 6 7 7 9 8 10 
0 0 0 0 0 1 0 1 0 0 1 0 0 0 0 2 3 4 4 3 2 3 4 2 2 4 3 5 4 2 3 3 2 4 5 5 
--- order 28 (x1) ---
0 0 1 0 1 2 0 2 1 3 0 2 3 1 3 0 3 2 3 1 2 0 3 3 2 2 1 1 4 0 0 0 0 0 0 0 
--- order 32 (x4) ---
0 0 1 0 1 2 0 2 1 1 3 4 5 5 4 3 4 5 5 4 6 3 5 4 4 5 7 7 3 5 4 4 5 7 7 6 
0 0 1 0 1 2 0 2 1 1 3 0 0 0 0 4 5 5 5 5 4 4 5 5 5 5 4 6 7 8 8 8 8 7 9 9 
0 0 1 0 1 2 0 1 3 4 0 1 4 3 2 0 2 1 1 1 1 0 3 1 1 1 1 4 0 4 1 1 1 1 3 2 
0 0 1 0 1 2 0 2 1 1 3 0 0 0 0 4 0 0 0 0 5 5 0 0 0 0 4 3 6 7 7 7 7 6 6 6 
--- order 36 (x4) ---
0 0 0 1 1 1 1 1 1 2 1 1 1 2 2 1 1 1 3 4 5 1 1 1 4 5 3 2 1 1 1 5 3 4 2 2 
0 0 0 0 1 2 0 2 1 0 1 0 2 2 0 1 2 0 0 2 1 2 0 1 0 1 0 0 2 1 0 1 0 0 0 2 
0 0 0 1 1 1 1 1 1 2 1 1 1 2 2 3 3 3 4 4 5 3 3 3 4 5 4 6 3 3 3 5 4 4 6 6 
0 0 0 1 1 1 1 1 1 2 1 1 1 2 2 3 3 3 4 4 4 5 5 5 6 6 6 7 8 8 8 9 9 9 10 11 
--- order 40 (x2) ---
0 0 1 0 1 2 0 2 1 2 0 2 2 1 1 3 0 0 0 0 0 4 5 5 5 5 5 4 4 5 5 5 5 5 4 6 
0 0 1 0 1 2 0 2 1 2 0 2 2 1 1 3 0 0 0 0 0 4 0 0 0 0 0 5 5 0 0 0 0 0 4 3 
--- order 48 (x9) ---
0 0 0 1 1 1 1 1 1 2 1 1 1 2 3 1 1 1 3 2 2 4 4 4 5 5 5 5 6 6 6 7 7 7 7 8 
0 0 0 1 1 1 1 1 1 2 1 1 1 2 3 1 1 1 3 2 2 4 4 4 5 6 6 5 4 4 4 6 5 5 6 7 
0 0 0 0 0 1 0 1 0 0 1 0 0 0 0 2 2 2 2 2 2 3 3 3 3 3 3 4 5 5 5 5 5 5 6 7 
0 0 0 0 0 0 1 1 1 1 2 2 2 3 1 2 2 3 2 1 0 2 3 2 2 1 0 0 3 2 2 2 1 0 0 0 
0 0 0 1 1 1 1 1 1 2 1 1 1 3 4 1 1 1 4 3 2 5 5 5 6 6 6 6 5 5 5 6 6 6 6 7 
0 0 0 0 0 0 1 1 1 1 1 1 1 1 2 3 3 3 3 4 4 5 5 5 5 6 6 7 8 8 8 8 9 9 10 11 
0 0 0 1 1 1 1 1 1 2 3 3 3 4 4 3 3 3 4 4 5 6 6 6 7 7 8 8 6 6 6 7 7 8 8 9 
0 0 0 0 0 1 0 1 0 0 1 0 0 0 0 2 2 3 3 2 2 2 3 2 2 3 2 4 3 2 2 2 2 3 4 4 
0 0 0 0 0 0 1 1 1 1 1 1 1 1 2 3 3 3 3 4 4 5 5 5 5 6 7 8 5 5 5 5 7 6 8 9 
--- order 60 (x1) ---
0 0 0 1 1 1 1 1 1 2 1 1 1 2 3 1 1 1 3 2 3 1 1 1 3 3 2 2 4 4 4 5 5 5 5 5 
--- order 64 (x2) ---
0 0 1 0 1 2 0 2 1 1 3 0 0 0 0 3 0 0 0 0 4 4 0 0 0 0 3 3 5 6 6 6 6 5 5 5 
0 0 1 0 1 2 0 2 1 1 0 3 4 4 3 0 3 4 4 3 2 0 4 3 3 4 1 1 0 4 3 3 4 1 1 2 
--- order 72 (x5) ---
0 0 0 1 1 1 1 1 1 2 1 1 1 2 2 1 1 1 3 3 4 1 1 1 3 4 3 2 1 1 1 4 3 3 2 2 
0 0 0 0 1 1 0 1 1 0 1 0 1 0 1 1 0 1 1 0 0 1 1 0 0 1 0 1 1 1 0 1 0 1 0 0 
0 0 0 1 1 1 1 1 1 2 1 1 1 2 2 3 3 3 4 4 4 3 3 3 4 4 4 5 6 6 6 7 7 7 8 8 
0 0 0 1 1 1 1 1 1 0 1 1 1 0 0 2 2 2 2 2 2 3 3 3 4 4 4 5 4 4 4 3 3 3 5 6 
0 0 0 1 1 1 1 1 1 0 1 1 1 0 0 2 2 2 2 2 2 3 3 3 3 3 3 4 5 5 5 5 5 5 6 7 
--- order 80 (x1) ---
0 0 1 0 1 2 0 2 1 1 3 0 0 0 0 3 0 0 0 0 4 4 0 0 0 0 3 4 4 0 0 0 0 4 3 3 
--- order 96 (x4) ---
0 0 0 1 1 1 1 1 1 2 1 1 1 2 3 1 1 1 3 2 2 4 4 4 5 5 5 5 4 4 4 5 5 5 5 6 
0 0 0 0 0 1 0 1 0 0 1 0 0 0 0 2 2 2 2 2 2 2 2 2 2 2 2 3 4 4 4 4 4 4 5 5 
0 0 0 0 0 0 1 1 1 1 1 1 1 1 2 3 3 3 3 4 4 3 3 3 3 4 4 5 6 6 6 6 7 7 8 8 
0 0 0 0 0 0 1 1 1 1 1 1 1 1 2 1 1 1 1 3 4 1 1 1 1 4 3 2 5 5 5 5 6 6 6 6 
--- order 120 (x1) ---
0 0 0 0 0 0 0 0 0 0 1 1 1 1 1 2 2 2 2 2 3 4 4 4 4 4 5 6 7 7 7 7 7 8 9 10 
--- order 128 (x1) ---
0 0 1 0 1 2 0 1 2 3 0 1 3 2 2 0 2 1 1 1 1 0 2 1 1 1 1 3 0 3 1 1 1 1 2 2 
--- order 144 (x2) ---
0 0 0 0 0 0 1 1 1 1 1 1 1 1 2 1 1 1 1 2 2 3 3 3 3 4 4 4 5 5 5 5 6 6 6 7 
0 0 0 1 1 1 1 1 1 0 1 1 1 0 0 2 2 2 2 2 2 2 2 2 2 2 2 3 4 4 4 4 4 4 5 5 
--- order 192 (x1) ---
0 0 0 0 0 0 1 1 1 1 1 1 1 1 2 1 1 1 1 2 3 1 1 1 1 3 2 2 4 4 4 4 5 5 5 5 
--- order 216 (x1) ---
0 0 0 1 1 1 1 1 1 2 1 1 1 2 2 3 3 3 4 4 4 3 3 3 4 4 4 5 3 3 3 4 4 4 5 5 
--- order 240 (x3) ---
0 0 0 0 0 0 1 1 1 1 1 1 1 1 2 1 1 1 1 2 3 1 1 1 1 3 2 3 1 1 1 1 3 3 2 2 
0 0 0 0 0 0 0 0 0 0 1 1 1 1 1 1 1 1 1 1 2 3 3 3 3 3 4 4 5 5 5 5 5 6 6 7 
0 0 0 0 0 0 0 0 0 0 1 1 1 1 1 1 1 1 1 1 2 3 3 3 3 3 4 5 3 3 3 3 3 5 4 6 
--- order 288 (x2) ---
0 0 0 0 0 0 1 1 1 1 1 1 1 1 2 1 1 1 1 2 2 3 3 3 3 4 4 4 3 3 3 3 4 4 4 5 
0 0 0 0 0 1 0 1 0 0 1 0 0 0 0 2 2 2 2 2 2 2 2 2 2 2 2 3 2 2 2 2 2 2 3 3 
--- order 384 (x1) ---
0 0 0 0 0 0 0 0 0 1 0 0 1 0 0 0 1 0 0 0 0 1 0 0 0 0 0 0 2 2 2 2 2 2 2 2 
--- order 432 (x1) ---
0 0 0 1 1 1 1 1 1 0 1 1 1 0 0 2 2 2 2 2 2 2 2 2 2 2 2 3 2 2 2 2 2 2 3 3 
--- order 480 (x2) ---
0 0 0 0 0 0 0 0 0 0 1 1 1 1 1 1 1 1 1 1 2 3 3 3 3 3 4 4 3 3 3 3 3 4 4 5 
0 0 0 0 0 0 0 0 0 0 1 1 1 1 1 1 1 1 1 1 2 1 1 1 1 1 3 4 1 1 1 1 1 4 3 2 
--- order 576 (x1) ---
0 0 0 0 0 0 1 1 1 1 1 1 1 1 2 1 1 1 1 2 2 1 1 1 1 2 2 2 3 3 3 3 4 4 4 4 
--- order 720 (x2) ---
0 0 0 0 0 0 0 0 0 0 1 1 1 1 1 1 1 1 1 1 2 1 1 1 1 1 2 2 3 3 3 3 3 4 4 4 
0 0 0 0 0 0 0 0 0 0 0 0 0 0 0 1 1 1 1 1 1 2 2 2 2 2 2 3 4 4 4 4 4 4 5 6 
--- order 960 (x1) ---
0 0 0 0 0 0 0 0 0 0 1 1 1 1 1 1 1 1 1 1 2 1 1 1 1 1 2 3 1 1 1 1 1 3 2 2 
--- order 1152 (x1) ---
0 0 0 0 0 0 1 1 1 1 1 1 1 1 0 1 1 1 1 0 0 1 1 1 1 0 0 0 2 2 2 2 2 2 2 2 
--- order 1296 (x1) ---
0 0 0 0 0 1 0 0 1 1 0 1 0 0 0 0 1 0 0 0 1 1 0 0 0 0 0 0 1 0 0 0 0 0 0 1 
--- order 1440 (x1) ---
0 0 0 0 0 0 0 0 0 0 0 0 0 0 0 1 1 1 1 1 1 1 1 1 1 1 1 2 3 3 3 3 3 3 4 4 
--- order 2880 (x1) ---
0 0 0 0 0 0 0 0 0 0 1 1 1 1 1 1 1 1 1 1 2 1 1 1 1 1 2 2 1 1 1 1 1 2 2 2 
--- order 4320 (x1) ---
0 0 0 0 0 0 0 0 0 0 0 0 0 0 0 1 1 1 1 1 1 1 1 1 1 1 1 2 1 1 1 1 1 1 2 2 
--- order 5040 (x1) ---
0 0 0 0 0 0 0 0 0 0 0 0 0 0 0 0 0 0 0 0 0 1 1 1 1 1 1 1 2 2 2 2 2 2 2 3 
--- order 10080 (x1) ---
0 0 0 0 0 0 0 0 0 0 0 0 0 0 0 0 0 0 0 0 0 1 1 1 1 1 1 1 1 1 1 1 1 1 1 2 
--- order 40320 (x1) ---
0 0 0 0 0 0 0 0 0 0 0 0 0 0 0 0 0 0 0 0 0 0 0 0 0 0 0 0 1 1 1 1 1 1 1 1 
--- order 362880 (x1) ---
0 0 0 0 0 0 0 0 0 0 0 0 0 0 0 0 0 0 0 0 0 0 0 0 0 0 0 0 0 0 0 0 0 0 0 0 
